	0.0000000000000000e+00  1.0898438467038924e+01  -1.0898437822330690e+01 1.0898438467038924e+01  -1.0898437822330690e+01	
	1.2903225806451613e-01	1.0171876420304894e+01	-1.0171875153782995e+01 1.0171876420304894e+01  -1.0171875153782995e+01	
	2.5806451612903225e-01	9.4453087037873207e+00	-9.4453150787848106e+00 9.4453087037873207e+00  -9.4453150787848106e+00
	3.8709677419354838e-01	8.7187490265535637e+00	-8.7187495294312107e+00 8.7187490265535637e+00  -8.7187495294312107e+00
	5.1612903225806450e-01	7.9921888331704096e+00	-7.9921871463121006e+00 7.9921888331704096e+00  -7.9921871463121006e+00	
	6.4516129032258063e-01	7.2656227476948718e+00	-7.2656238805860598e+00 7.2656227476948718e+00  -7.2656238805860598e+00
	7.7419354838709675e-01	6.5390627867992945e+00	-6.5390619954997993e+00 6.5390627867992945e+00  -6.5390619954997993e+00
	9.0322580645161288e-01	5.8124989999102672e+00	-5.8124976579222594e+00 5.8124989999102672e+00  -5.8124976579222594e+00
	1.0322580645161290e+00	5.0859378137490197e+00	-5.0859370469697494e+00 5.0859378137490197e+00  -5.0859370469697494e+00
	1.1612903225806452e+00	4.3593751245405539e+00	-4.3593746198005139e+00 4.3593751245405539e+00  -4.3593746198005139e+00
	1.2903225806451613e+00	3.6328128263786081e+00	-3.6328120869595315e+00 3.6328128263786081e+00  -3.6328120869595315e+00
	1.4193548387096775e+00	2.9062503071903962e+00	-2.9062496893229604e+00 2.9062503071903962e+00  -2.9062496893229604e+00
	1.5483870967741935e+00	2.1796879834113265e+00	-2.1796876236283382e+00 2.1796879834113265e+00  -2.1796876236283382e+00   
	1.6774193548387097e+00	1.4531264247850491e+00	-1.4531273281735502e+00 1.4531264247850491e+00  -1.4531273281735502e+00
	1.8064516129032258e+00	7.2656282060457955e-01	-7.2656233580734475e-01 7.2656282060457955e-01  -7.2656233580734475e-01
	1.9354838709677420e+00	-8.0273546844422672e-08	4.9381765745981632e-07  -8.0273546844422672e-08 4.9381765745981632e-07   	
	2.0645161290322580e+00	-7.2655908584741669e-01	7.2656098256471258e-01  -7.2655908584741669e-01 7.2656098256471258e-01	
	2.1935483870967740e+00	-1.4531248768843179e+00	1.4531250839805390e+00  -1.4531248768843179e+00 1.4531250839805390e+00    	
	2.3225806451612905e+00	-2.1796879689307107e+00	2.1796894516333420e+00  -2.1796879689307107e+00 2.1796894516333420e+00	
	2.4516129032258065e+00	-2.9062492240279316e+00	2.9062480452493866e+00  -2.9062492240279316e+00 2.9062480452493866e+00	
	2.5806451612903225e+00	-3.6328123326799298e+00	3.6328107253842479e+00  -3.6328123326799298e+00 3.6328107253842479e+00	
	2.7096774193548385e+00	-4.3593759868092103e+00	4.3593746246919203e+00  -4.3593759868092103e+00 4.3593746246919203e+00	    
	2.8387096774193550e+00	-5.0859378024707116e+00	5.0859374243954134e+00  -5.0859378024707116e+00 5.0859374243954134e+00	
	2.9677419354838710e+00	-5.8124989279239410e+00	5.8125003846154222e+00  -5.8124989279239410e+00 5.8125003846154222e+00	
	3.0967741935483870e+00	-6.5390631432294972e+00	6.5390630941362664e+00  -6.5390631432294972e+00 6.5390630941362664e+00	
	3.2258064516129030e+00	-7.2656251831842340e+00	7.2656250453848594e+00  -7.2656251831842340e+00 7.2656250453848594e+00
	3.3548387096774195e+00	-7.9921877248275601e+00	7.9921879528056463e+00  -7.9921877248275601e+00 7.9921879528056463e+00	
	3.4838709677419355e+00	-8.7187502238311456e+00	8.7187504002270995e+00  -8.7187502238311456e+00 8.7187504002270995e+00	
	3.6129032258064515e+00	-9.4453132863665967e+00	9.4453124081298210e+00  -9.4453132863665967e+00 9.4453124081298210e+00	    
	3.7419354838709675e+00	-1.0171875854275648e+01	1.0171875780252492e+01  -1.0171875854275648e+01 1.0171875780252492e+01	
	3.8709677419354840e+00	-1.0898437584356698e+01	1.0898437098043058e+01  -1.0898437584356698e+01 1.0898437098043058e+01	
	4.0000000000000000e+00	-1.0898437584356698e+01	1.0898437098043058e+01  -1.0898437584356698e+01 1.0898437098043058e+01	
